Grafo do arquivo: resultado1.txt
0 1 0 1 1 1 0 0 0 0 0 
1 0 1 0 0 0 0 0 0 0 0 
0 1 0 0 0 1 1 1 0 0 0 
1 0 0 0 1 0 0 0 1 0 1 
1 0 0 1 0 1 0 0 0 0 1 
1 0 1 0 1 0 1 0 0 0 0 
0 0 1 0 0 1 0 1 1 0 0 
0 0 1 0 0 0 1 0 1 1 0 
0 0 0 1 0 0 1 1 0 1 0 
0 0 0 0 0 0 0 1 1 0 0 
0 0 0 1 1 0 0 0 0 0 0 

Caminho Euleriano encontrado:
7 -> 3 -> 2 -> 1 -> 4 -> 5 -> 1 -> 6 -> 3 -> 8 -> 7 -> 6 -> 5 -> 11 -> 4 -> 9 -> 8 -> 10 -> 9 -> 7


Grafo do arquivo: resultado2.txt
0 1 1 1 1 1 1 1 1 
1 0 1 0 0 0 0 0 0 
1 1 0 0 0 0 0 0 0 
1 0 0 0 1 0 0 0 0 
1 0 0 1 0 0 0 0 0 
1 0 0 0 0 0 1 0 0 
1 0 0 0 0 1 0 0 0 
1 0 0 0 0 0 0 0 1 
1 0 0 0 0 0 0 1 0 

Caminho Euleriano encontrado:
4 -> 1 -> 2 -> 3 -> 1 -> 6 -> 7 -> 1 -> 8 -> 9 -> 1 -> 5 -> 4


Grafo do arquivo: resultado3.txt
0 1 1 0 0 0 
1 0 1 0 0 0 
1 1 0 1 0 0 
0 0 1 0 1 1 
0 0 0 1 0 1 
0 0 0 1 1 0 

Caminho Euleriano encontrado:
3 -> 1 -> 2 -> 3 -> 4 -> 5 -> 6 -> 4


