11 19
1 5
1 2
1 6
1 4
2 3
3 6
3 8
3 7
5 6
5 4
5 11
4 11
4 9
9 7
9 8
9 10
10 8
8 7
6 7 

Grafo do arquivo resultado.txt:
0 1 0 1 1 1 0 0 0 0 0 
1 0 1 0 0 0 0 0 0 0 0 
0 1 0 0 0 1 1 1 0 0 0 
1 0 0 0 1 0 0 0 1 0 1 
1 0 0 1 0 1 0 0 0 0 1 
1 0 1 0 1 0 1 0 0 0 0 
0 0 1 0 0 1 0 1 1 0 0 
0 0 1 0 0 0 1 0 1 1 0 
0 0 0 1 0 0 1 1 0 1 0 
0 0 0 0 0 0 0 1 1 0 0 
0 0 0 1 1 0 0 0 0 0 0 

Caminho Euleriano encontrado:
7 -> 3 -> 2 -> 1 -> 4 -> 5 -> 1 -> 6 -> 3 -> 8 -> 7 -> 6 -> 5 -> 11 -> 4 -> 9 -> 8 -> 10 -> 9 -> 7

